R=5.00000 O=31.41593 P=78.53982
R=8.40000 H=12.00000 P=1076.68663 V=2660.04933 R kruga pomnozen sa 2: 10.00000 Novi obim: 62.83185 Nova povrsina: 314.15927
Poluprecnik baze valjka: 8.40000 Visina: 12.00000 Povrsina: 1076.68663 Zapremina: 2660.04933